11740 17096
7795 5794
24646 3008
39927 38755
6648 37649
26751 20006
27872 28283
31785 12277
33052 21747
19205 23121
15935 6500
22737 23300
28848 30980
28924 34576
3182 21760
10801 18263
18010 18389
37082 33348
18184 10755
1970 12895
19146 14641
39014 13853
35703 14516
14305 34285
6223 7359
29562 887
5696 31437
30947 25403
2567 11399
4345 20246
387 34208
29702 35101
35037 10300
420 16801
1443 35561
20372 18480
20539 17105
23174 19807
24607 11631
32522 39339
31473 7084
8751 2963
9919 12356
14512 2948
23498 12907
21851 24137
34593 36152
9281 33757
35669 11294
16861 22830
31247 31217
36987 8136
17241 15903
3364 27343
33263 18763
31472 27347
37089 8917
7720 6187
12124 6895
21400 20008
1217 4325
39003 19096
22238 8647
37658 23224
21391 38368
10963 6618
23006 9852
32743 23572
19328 14884
8289 27735
20377 2367
33899 15340
27096 9782
5544 10489
11789 35003
14009 6320
22472 8231
11083 28529
4672 26782
3833 4246
32129 3916
27306 24305
12798 9875
17369 28380
1967 4172
32588 25265
28135 24794
34269 33435
15490 37318
4054 28760
34270 9814
33667 602
37800 13815
33784 11846
26752 31928
38535 35146
14360 20379
10735 31550
24881 1720
4911 18196
12549 7746
32844 10484
33201 31091
26412 7203
2579 12503
15858 36892
30708 28138
29699 33153
19484 14470
37540 26217
17321 36050
154 24261
20700 28549
37835 23622
19724 23692
12018 9956
13991 6883
18245 9864
9253 20259
3719 20917
39062 1893
38501 18911
30734 31278
25818 34306
13388 39511
22974 7831
29679 6864
39366 36756
30311 16571
28002 27690
29561 51
24361 6960
2259 34324
17191 29005
26905 12281
93 21455
6029 36544
37185 35510
24243 33731
27097 23056
7109 6948
36677 28315
36738 1458
16059 13984
5667 12230
23976 1862
18181 37388
16739 27380
34148 3576
34126 14639
13773 32023
15604 6481
33674 115
16183 5818
16370 21480
18373 26543
2522 26912
23391 12639
21161 23333
26503 18087
2654 3951
31686 37569
18718 31013
13891 12095
24668 26020
27995 21941
35906 5262
6095 32565
22454 12743
26351 15605
24337 5070
888 20201
16499 37233
10211 34232
4357 31782
33089 12320
35505 27374
23574 31093
32226 8407
30820 19147
1085 20978
27733 35041
39054 39495
15852 13624
31048 1765
6663 35059
34780 28862
33297 14834
239 86
35628 34520
8157 36218
11527 35938
27813 21061
1628 8520
25782 5427
26102 25274
2228 36068
15777 34482
311
27816 33850
29756 16411
21337 16602
9413 228
4538 34902
11547 15210
10930 12421
1360 38895
4630 28786
27162 5046
19719 14440
4595 34688
16656 11711
13441 16574
7392 20210
18586 5123
20309 8019
18490 1478
22663 37384
17475 3425
32091 12663
35594 33713
34859 24773
12330 630
2680 37272
586 18098
1273 18788
39896 36383
13063 36550
14279 479
39175 16588
35182 17068
12075 32772
33186 12661
14803 38370
19686 31549
37827 20038
13165 5373
13514 26307
32364 14850
9038 36757
3956 37750
24202 37214
23351 12013
15780 16799
5629 2569
10426 21544
21558 6435
14117 35514
8682 36381
21255 34435
39160 9583
22591 2321
8510 18759
30783 34904
33217 29388
22714 33001
4866 25264
26098 37740
15711 31969
24792 5777
7481 3066
31960 31375
12585 15071
1300 14574
26796 4811
33301 19240
21334 24411
4551 20750
5210 29872
30898 22367
9092 23949
1817 23031
2748 30009
13742 30053
7601 2965
11092 11524
4106 2089
7453 3839
505 38305
28883 21327
23278 1851
30096 39702
17931 17092
19679 30517
34195 28466
28017 35064
8752 34406
5516 31341
24726 20628
16625 20711
33760 12183
38096 9601
35710 37620
20491 31523
27432 15392
19248 13882
11785 14844
6797 39848
28582 34648
4247 16727
39304 31885
28966 30029
346 19008
31469 4869
4658 16139
6511 18285
32926 7414
36066 33477
32945 16367
26140 29524
7525 19537
11435 5252
26771 9170
2832 19705
14594 38527
8899 30755
12776 35082
27193 18057
36929 28881
36155 14718
8083 9436
2806 13695
14928 37713
1394 4090
8748 29629
13078 13536
30302 29770
5018 22106
5344 35176
11966 932
31205 2107
35893 16001
16703 5521
34829 17970
33085 23999
20152 7650
3220 3776
33842 27301
29583 8004
27839 14284
9686 6068
6070 23993
32307 19763
23068 12215
20857 34692
2634 39346
30809 23320
12786 10245
15093 16421
4518 17095
26966 34248
37442 7150
29033 18417
24307 38172
11671 37591
17654 21569
39166 29474
4709 6116
14380 7794
22183 37474
21674 7742
23411 22213
26081 38512
38053 15623
26567 17042
7915 37875
1978 21227
36722 34255
18711 8308
7301 39078
26418 25227
26616 9542
11496 35487
24647 25242
19367 18167
16811 30908
21998 20972
21469 24438
6252 19681
23813 9004
13815 5364
16146 4391
27901 33454
38123 39617
21771 9074
34474 5245
3009 33477
15230 26247
13913 37782
19948 9057
32366 38375
38523 33588
6514 15124
10246 21680
19507 23761
9559 29946
38242 11614
28638 32266
12470 24273
38616 35268
5557 28410
24720 8895
38406 34981
20554 12710
35836 20965
23107 37144
7095 7179
6026 26376
20184 3850
24778 8949
8565 10637
7253 17944
7220 879
483 16009
4584 34477
32804 17997
39420 2767
9854 580
11651 18661
38436 9872
39278 15503
23882 30693
21341 15955
23959 20939
29576 3129
23075 10437
31832 24998
26323 33387
20586 39436
28074 22889
23177 37290
29924 15553
38019 3695
20367 17540
28332 10409
17863 34903
24733 18459
30639 17506
4540 12978
30421 16803
7306 34414
31317 18322
33156 13801
5268 9391
9310 23772
5975 26078
7894 25820
21503 3005
15058 31542
8978 30844
4048 10419
13476 15008
2318 15713
5491 4690
9698 38333
31772 3333
18493 30713
10330 15505
26082 27379
22279 8357
38857 24494
39477 21393
31446 38506
37381 12945
16446 30528
20435 26520
29961 29398
22614 38279
27790 33740
3528 31356
7462 5466
29948 19782
2180 17499
26480 34202
11883 17864
2690 5825
7968 39071
22997 191
37807 21682
8084 1684
27999 14632
15655 15142
16306 1702
16578 28442
17419 37423
14761 14172
30344 27318
31671 38056
2630 20913
7802 28372
30658 34569
4521 25007
39954 7751
23786 3958
20020 29957
39143 20957
13372 8709
2315 19304
19609 2284
21823 4292
7930 38987
14039 13428
20968 35260
21141 8052
12834 8323
20049 2212
15448 7912
10156 10912
36420 22167
1286 11
0